Generation 1

[[6.0,20.0,1.0], 0.9219198918370796]
[[6.0,21.0,1.0], 0.9225959100895724]
[[6.0,20.0,1.1], 0.9225959100895724]
[[6.0,19.0,1.0], 0.9224269055264492]
[[6.0,19.9,1.0], 0.9220888964002028]
[[6.1,20.0,1.0], 0.9219198918370796]
[[6.0,20.0,0.9], 0.9219198918370796]
[[5.0,20.0,1.0], 0.9217508872739564]
[[6.0,20.1,1.0], 0.9217508872739564]
[[5.9,20.0,1.0], 0.9215818827108332]
[[7.0,20.0,1.0], 0.92141287814771]
[[6.0,20.0,2.0], 0.8979212438735846]
[[6.0,20.0,0.0], 0.8500929525097177]
